0.0616
0.3099
0.3913
-0.1435
-0.315
0.3761
-0.0756
0.3273
-0.1326
-0.1321
-0.091
-0.1149
0.4838
-0.2451
0.4564
-0.175
0.1674
0.2959
-0.3914
0.1111
-0.0533
0.0216
-0.2533
-0.4622
0.248
-0.2833
-0.3192
0.0599
-0.2329
-0.4567
0.2668
0.2228
0.0875
-0.0038
-0.4139
0.0285
-0.023
-0.0478
-0.2514
-0.0559
0.0795
0.3436
-0.2923
0.075
-0.3605
-0.4647
0.0168
-0.1967
-0.1565
-0.4654
0.065
-0.0813
-0.3467
0.1879
-0.0524
0.0905
-0.4724
-0.2931
0.016
-0.4272
-0.2498
0.118
0.4447
-0.0411
0.2514
0.0372
-0.0794
0.4714
0.3531
-0.4102
0.4804
0.0731
0.4233
-0.0609
0.1128
-0.3063
-0.0226
-0.0714
-0.136
0.0652
0.3287
-0.4959
0.2108
-0.0531
0.1088
0.2354
-0.1429
0.3922
0.4771
0.0856
0.1951
-0.3387
-0.0497
0.1134
0.2194
-0.053
0.2859
-0.1035
0.1125
-0.1316
-0.1107
0.3219
-0.1095
0.1678
0.3947
0.2342
0.1499
-0.3977
-0.1746
-0.2269
-0.4153
-0.4843
0.4984
-0.023
-0.385
-0.0296
-0.0347
0.1136
0.0491
-0.4238
-0.1041
0.3825
0.3866
-0.324
0.0064
0.2533
-0.2446
-0.4191
-0.0613
-0.045
-0.3974
0.2132
-0.0323
-0.1624
-0.4
-0.4727
0.3054
-0.1743
-0.2342
-0.144
0.4832
-0.1056
0.4868
0.1017
-0.1471
0.142
0.3126
0.1268
0.0916
0.0018
0.3597
-0.4361
0.2087
0.0429
-0.1639
-0.128
0.481
-0.2757
-0.446
0.4721
0.3904
0.4981
-0.2813
-0.2913
-0.1875
-0.1776
-0.3119
-0.2414
-0.2842
-0.398
-0.3726
0.3286
-0.0961
0.0595
0.4458
-0.0332
0.1847
-0.2002
-0.289
0.0355
-0.0985
0.3519
0.341
0.3763
0.2227
-0.4323
-0.0923
-0.0584
-0.48
-0.0215
0.444
0.2617
0.3787
0.0621
0.0416
0.3661
0.0653
0.4036
0.3503
0.0869
-0.2577
0.4302
-0.2032
-0.2556
0.0425
0.1865
-0.3854
0.4159
-0.139
0.2364
-0.4986
-0.0969
0.1569
0.0493
-0.4759
0.0409
-0.4807
-0.374
0.0534
0.0937
0.2605
-0.3331
0.1315
-0.464
-0.4026
0.4737
-0.3282
0.2572
0.0697
-0.2845
-0.1218
-0.3701
-0.0737
0.1828
0.0098
0.1131
0.1756
-0.4206
-0.1388
-0.2829
0.2179
-0.1937
-0.1169
0.0382
-0.1178
0.1668
-0.098
-0.2527
0.3562
0.3483
-0.0026
0.0477
0.2473
0.0828
-0.0518
0.2313
-0.3661
0.0932
-0.3831
-0.4627
-0.1712
0.1838
0.1523
-0.1021
-0.1069
-0.4024
-0.4305
-0.0217
-0.3255
-0.2014
-0.3828
0.2217
0.466
0.1505
-0.2434
-0.3375
0.0193
-0.4721
0.1525
0.2445
0.4765
0.1204
0.1141
-0.4764
-0.1656
0.0524
0.015
0.1192
-0.4342
0.3926
0.0072
0.2526
-0.426
-0.0895
-0.4611
0.1211
-0.0553
-0.1186
-0.1555
0.264
0.4752
-0.0213
0.0347
-0.0072
-0.037
0.2135
0.2851
-0.46
-0.1631
0.1903
-0.2782
-0.016
-0.3995
0.2175
0.1467
0.1997
-0.0247
0.4905
-0.3075
-0.0892
0.0777
0.085
-0.4866
0.1314
0.2044
-0.3074
0.4561
0.036
0.4494
-0.4673
-0.4771
-0.0414
0.0881
0.1648
-0.4892
0.065
-0.1445
0.3272
-0.3813
0.0596
-0.0104
-0.0931
0.1794
-0.3803
0.1311
0.0761
0.0982
0.482
0.0103
0.363
-0.4906
0.2652
0.1185
0.1143
0.155
-0.0935
-0.0411
-0.4071
-0.2675
0.314
0.1843
-0.0422
-0.1276
-0.1543
-0.3655
0.0164
-0.0916
-0.1411
-0.0389
0.1291
0.4004
0.2386
0.1083
0.1057
-0.0131
-0.2193
0.3214
0.0494
-0.2581
-0.0163
0.12
0.1147
-0.2759
-0.4025
0.3291
0.3003
-0.0754
0.2226
-0.3581
0.055
0.338
-0.3857
0.4874
0.4828
-0.0916
-0.1115
0.1476
0.0305
0.0105
-0.0424
-0.3097
-0.4145
0.1879
0.3715
0.0034
-0.0822
0.4753
0.1675
-0.332
0.2928
-0.4201
-0.4267
0.1603
-0.3164
0.2947
-0.0264
-0.4396
0.4671
0.1626
-0.4346
-0.2355
-0.0574
-0.1375
-0.3911
0.1655
-0.4732
-0.1821
-0.3661
0.4197
-0.4593
0.2783
0.4774
0.4504
-0.1033
-0.1103
-0.2128
0.1113
-0.4117
-0.0055
0.3223
-0.4037
0.2797
0.4488
0.4115
-0.0114
-0.2873
0.4438
0.227
-0.0606
-0.3187
-0.054
-0.0669
-0.4238
-0.094
-0.0076
0.2127
-0.0237
0.2312
0.1897
0.0657
0.2786
-0.4067
0.3486
-0.1239
-0.0301
0.0779
0.4035
-0.3942
0.3873
-0.0661
0.3846
-0.455
-0.1933
0.0215
-0.3382
-0.0947
0.1369
0.2323
-0.034
-0.3385
0.2094
0.341
0.0537
0.0031
0.2151
0.45
0.1427
-0.0592
-0.4709
0.0505
-0.0016
-0.0827
0.0687
0.1117
0.4379
-0.4346
-0.3882
0.1822
-0.0229
-0.0213
