0.0859
0.3654
0.3061
-0.3529
0.2089
-0.4473
0.1757
-0.4566
0.4982
-0.1653
-0.0283
0.4853
-0.219
-0.4977
0.3353
-0.4887
-0.1049
-0.0529
-0.4282
0.27
0.3803
0.3322
0.2661
-0.491
-0.3251
0.2728
-0.0031
0.0697
-0.486
-0.3596
0.3904
-0.3432
-0.0338
0.3756
-0.2398
-0.0028
0.3683
-0.4211
-0.432
0.2815
0.0185
-0.4245
-0.4366
-0.1817
0.2561
0.0338
0.0794
0.0559
-0.4533
0.2554
-0.015
0.1692
-0.4823
-0.0269
0.4484
-0.2347
0.2555
0.1644
-0.015
-0.2467
-0.3878
0.4193
-0.0949
0.4643
-0.1039
0.0281
-0.3993
0.2873
0.0065
0.0662
0.0593
-0.2148
-0.382
0.461
0.0383
-0.0734
-0.202
-0.0946
0.492
-0.2032
-0.4258
0.1314
-0.1667
-0.4619
0.0112
0.1021
0.491
0.2787
0.2614
-0.3134
-0.4586
-0.2106
0.0479
0.0683
-0.3476
-0.3807
0.0408
0.3249
0.2936
0.4869
-0.3098
-0.4765
-0.2704
-0.0312
-0.1178
-0.0097
-0.0203
-0.131
-0.4027
0.1214
-0.0901
0.0293
0.1465
0.4128
0.2419
-0.2648
-0.4811
0.3263
-0.4556
-0.2424
0.4391
-0.3833
-0.2879
0.4092
0.2352
-0.1083
-0.2674
0.1613
-0.4832
-0.4986
0.184
0.3092
-0.4934
0.3794
0.0486
-0.0312
0.2159
0.4015
0.1237
-0.1013
0.0211
-0.0969
0.2932
-0.4528
0.3178
-0.2474
-0.0206
-0.068
-0.4702
-0.0484
0.0012
-0.3012
0.4876
-0.438
0.4364
0.1627
0.1916
-0.372
0.1603
0.3917
-0.0247
-0.286
0.1103
0.0118
0.1168
-0.011
-0.3347
-0.0427
0.0242
0.1592
0.139
0.3034
-0.474
-0.1269
0.3543
-0.2081
0.0471
-0.3322
-0.2123
-0.0696
-0.0737
0.0855
0.0915
0.1306
-0.3173
0.1433
0.2995
-0.0653
-0.1183
-0.3943
0.4673
-0.1767
-0.196
-0.2847
-0.1181
0.2399
0.0675
0.2798
0.4454
0.4012
-0.4047
-0.2497
0.183
0.1842
-0.0276
-0.136
-0.0253
0.2905
0.4521
0.0218
0.0211
-0.2915
-0.3063
0.0755
0.031
-0.4172
-0.2972
0.1127
0.137
0.3463
-0.005
-0.3015
0.0313
-0.2906
0.1863
-0.0752
0.4228
-0.3906
-0.2243
0.2841
0.144
0.0546
0.3091
-0.1484
0.2232
-0.1207
-0.4257
0.1384
0.1247
-0.1745
-0.4166
-0.0383
0.2027
-0.1528
-0.2921
0.3561
-0.3119
0.0536
0.0034
0.317
0.4492
0.4011
-0.4378
-0.0673
0.2621
-0.0787
-0.2587
-0.0037
-0.0107
-0.4278
0.1523
-0.3649
-0.0755
-0.0718
0.3656
-0.2454
0.3409
-0.0202
0.0369
0.0924
0.477
0.1333
-0.4075
0.0704
0.144
-0.3118
-0.1435
-0.0985
0.2389
-0.3415
0.062
0.1887
0.2274
0.2683
0.0863
0.4296
-0.235
-0.3788
-0.2513
-0.3636
0.2613
0.1549
0.1867
0.1679
-0.0424
-0.3076
0.3524
-0.0924
-0.1218
-0.3952
-0.1786
0.0588
0.242
-0.2016
-0.128
0.3157
-0.4624
0.2447
-0.4656
0.241
0.4073
0.1727
0.2895
0.057
0.4121
-0.0488
-0.0766
-0.3939
-0.431
-0.1024
-0.1473
-0.1939
0.1627
0.4538
-0.4832
-0.225
0.4631
-0.0487
-0.0322
-0.0552
0.0973
-0.4254
-0.3381
0.4833
-0.1309
-0.3241
-0.0424
-0.1246
-0.0694
-0.4548
-0.4944
0.3958
-0.008
-0.0809
0.375
-0.0342
0.105
-0.0527
0.231
-0.4411
0.4209
0.3305
0.4549
-0.1433
0.3907
-0.2712
0.4435
0.0558
-0.121
-0.0868
0.1048
-0.0043
0.0018
-0.0856
-0.4853
0.1162
0.1112
0.1938
-0.135
-0.2603
0.416
-0.496
0.3476
-0.1957
0.009
0.1795
0.0016
-0.314
0.2832
0.3426
-0.2926
-0.368
-0.4349
-0.4826
-0.332
-0.0084
0.3866
0.1017
0.2706
0.169
-0.1342
0.3277
-0.046
0.0374
-0.0619
0.2291
-0.1229
-0.1892
-0.3192
-0.0182
0.4815
0.0928
-0.2549
0.1357
-0.0311
0.4307
-0.0894
-0.0114
-0.4571
0.0596
0.2819
0.4297
0.1781
-0.1047
0.1266
0.327
0.454
0.3392
-0.4647
-0.5
0.3264
-0.0463
0.0003
0.333
0.2715
0.0773
-0.0274
0.0361
-0.2699
0.1708
-0.4707
0.0843
-0.1694
-0.4044
0.0382
-0.0487
-0.0516
-0.4007
-0.4472
0.0161
-0.3619
-0.4411
0.0614
-0.0597
-0.147
-0.4209
-0.1531
0.0624
-0.013
-0.3722
-0.2311
-0.3175
0.1318
-0.4248
0.436
-0.3966
-0.1064
0.3048
0.1659
0.1563
0.3059
0.325
-0.0774
-0.0437
0.0528
0.3105
-0.4595
0.0805
-0.3046
0.087
0.4974
-0.1305
-0.0108
0.3579
0.2141
-0.1021
0.1313
-0.006
-0.4443
0.1057
0.0019
-0.1862
-0.0961
-0.0931
-0.016
0.4219
0.4652
-0.3819
-0.0084
0.2679
0.0255
-0.029
0.4648
-0.4185
-0.4073
-0.3986
0.0532
0.0916
0.0205
0.2327
