0.0204
-0.2928
-0.0141
0.254
-0.208
-0.0757
-0.028
0.0239
0.0151
0.3402
0.2844
0.1351
0.0276
0.0218
-0.0059
0.0157
0.014
-0.0702
0.3594
0.0365
0.2165
-0.4325
-0.254
-0.2575
0.0412
-0.0157
-0.1002
-0.3266
-0.4745
-0.0364
-0.0038
-0.1996
0.0346
0.395
0.3916
-0.3154
0.0317
0.4564
-0.3356
0.0281
0.2717
-0.1604
-0.4336
0.1628
0.0356
-0.2186
-0.414
0.3603
-0.4348
-0.3938
-0.3375
-0.309
0.4683
-0.4628
0.3688
0.3246
0.2174
0.0753
-0.058
-0.1335
0.0681
0.4165
0.4422
0.1858
0.0031
0.3545
0.142
0.0231
-0.0101
-0.1569
-0.4671
0.2371
0.0916
0.3499
0.3469
0.4282
-0.4091
0.065
-0.1614
0.1037
0.0065
0.0024
-0.448
0.32
-0.378
-0.2183
-0.2838
0.4505
0.3741
0.1287
0.351
0.4046
0.2571
0.0796
-0.042
-0.4123
0.3544
-0.0557
-0.35
-0.3965
-0.4208
-0.3451
-0.0828
-0.0747
0.088
-0.0173
-0.2593
0.1397
-0.3914
0.4466
0.0546
0.0084
0.1657
-0.1825
0.4503
-0.0092
0.0314
-0.0801
0.0196
0.0679
-0.0213
-0.4461
0.3236
-0.0429
0.2237
-0.4308
0.1545
-0.0404
0.4712
0.0242
0.0438
0.0173
0.4195
-0.4485
0.1705
0.0131
0.0261
-0.035
0.162
-0.3489
-0.089
0.4961
0.2452
-0.4781
-0.5
-0.0382
-0.2511
0.006
-0.0944
-0.3264
-0.2196
0.4844
-0.036
-0.3784
0.072
0.0327
0.2016
0.1376
-0.4453
0.4114
-0.0196
0.1508
-0.135
-0.1002
-0.4426
0.2965
0.0303
-0.0967
0.0918
0.4011
0.0772
-0.009
0.2542
0.2538
0.3551
0.0166
0.2761
-0.4167
0.1124
0.3166
0.0631
0.0089
-0.3672
0.4704
-0.2539
-0.2254
0.2533
0.0457
0.0352
-0.2377
-0.3072
-0.2538
0.057
0.2218
0.1338
0.439
-0.0539
0.0927
-0.4479
-0.4193
0.08
0.013
-0.4099
0.1975
-0.3773
0.313
-0.182
0.4638
0.3267
0.1885
0.1089
0.1451
-0.3285
0.3648
-0.0692
0.055
0.2499
0.2278
-0.1219
0.4531
-0.274
0.1732
0.4543
0.327
0.3119
0.0475
0.0012
0.4561
0.4053
0.0307
-0.0905
0.3848
0.0448
0.4643
-0.1409
0.3552
0.2033
0.4869
-0.3617
-0.0317
-0.3277
-0.2763
-0.0972
-0.2804
0.1086
0.2081
0.0232
0.0097
-0.0314
0.3579
-0.3485
-0.2815
-0.2195
-0.1602
0.1622
-0.3368
0.0749
-0.038
0.2182
-0.1146
0.0802
-0.1328
-0.2128
0.1301
-0.3809
0.0509
0.3605
0.2282
-0.3373
0.2043
0.1064
0.2408
0.2655
-0.078
-0.1477
0.3094
0.4575
0.3079
-0.2371
-0.244
-0.4182
0.4999
0.4999
-0.0507
-0.0322
-0.3811
-0.1968
0.0134
0.4443
0.1545
0.0274
-0.2133
-0.4435
0.0509
0.0037
0.1908
0.0466
0.0962
-0.4763
0.2087
0.3779
0.0112
0.241
0.1887
-0.0561
0.3759
-0.4123
-0.2347
0.463
-0.2202
-0.0963
-0.4323
-0.2288
-0.0369
0.4455
0.0846
-0.4731
-0.3703
0.3907
0.4998
0.0257
0.2908
0.0781
0.4134
-0.4865
0.1899
-0.4742
0.2095
-0.241
-0.3951
0.1079
-0.0229
-0.2872
0.0533
-0.3105
0.0208
0.0677
-0.3293
0.3795
0.4453
-0.2272
-0.3295
0.1236
0.3316
0.249
-0.4507
-0.0153
0.2826
-0.1832
0.4032
-0.085
0.4549
0.1294
-0.135
0.4761
0.1972
0.1109
0.4195
-0.0411
-0.4584
0.2227
0.2425
-0.4647
-0.4917
-0.0033
-0.2862
0.1527
0.2822
0.1804
-0.0953
0.3549
-0.153
0.0762
0.3414
0.0084
-0.3396
-0.49
-0.0938
0.1941
0.3097
0.1277
-0.0363
0.4374
0.3219
0.3333
0.0802
0.4511
0.2045
-0.3916
-0.3727
-0.4455
-0.1586
0.4515
0.2308
-0.1031
-0.0038
-0.1013
-0.0649
0.1391
0.0263
0.3319
0.1823
0.3117
0.4114
-0.4076
0.285
0.1917
-0.0306
0.3104
0.2228
0.1743
-0.0124
0.1362
0.4156
-0.0626
-0.0241
0.4092
-0.2728
0.0553
0.0093
-0.34
0.3807
-0.4179
0.4048
-0.3784
0.0253
-0.0024
-0.2382
0.1382
0.4948
0.0294
0.2762
0.221
0.0504
-0.106
-0.0707
0.2334
-0.3643
0.3931
0.4089
-0.4148
-0.3233
0.0786
0.3985
-0.4838
-0.4369
0.372
-0.0647
0.276
0.1686
0.0881
0.0158
-0.0434
0.1101
-0.0288
0.3271
-0.3558
0.0664
0.2934
0.0196
-0.257
0.3673
-0.2221
-0.0041
-0.2338
-0.4788
0.4023
-0.0126
-0.2802
-0.2779
0.0213
-0.3428
-0.4098
-0.1228
-0.0713
0.016
0.1651
-0.3399
-0.0252
0.4033
0.2965
-0.0328
0.2639
-0.298
-0.13
-0.3586
0.4378
-0.0442
0.0446
0.0239
0.2089
-0.1111
-0.1672
0.0493
0.4237
-0.0095
-0.039
0.4763
0.1163
-0.13
